6
1
5
5
97
1
66
1
3
1
22
17
65
34
84
61
83
75
14
124
39
15
90
48
74
93
82
84
17
97
65
1
7
91
62
36
87
13
92
58
4
1
77
33
1
65
2
7
16
33
9
57
33
34
68
1
9
21
5
73
17
33
66
58
100
67
50
12
23
66
65
6
9
5
25
9
101
46
31
42
102
77
66
17
113
33
68
5
3
29
33
17
113
1
21
58
112
73
86
28
71
15
5
2
8
33
37
17
17
3
3
2
13
39
22
20
24
46
25
55
106
117
6
20
71
46
26
5
9
39
1
17
41
26
33
67
1
41
5
9
49
45
70
1
22
33
9
57
97
35
3
2
24
17
9
25
17
74
28
59
9
17
101
1
33
17
35
81
1
10
85
9
33
97
25
17
9
11
109
1
65
17
1
15
2
13
113
74
103
46
27
59
63
41
9
105
114
4
5
2
31
1
53
9
33
1
67
3
20
53
1
7
81
3
67
4
34
1
5
5
73
17
1
18
2
9
13
124
7
47
31
11
3
59
13
66
113
97
5
17
17
2
3
7
81
3
67
4
38
1
69
5
73
17
1
20
2
29
13
124
7
47
31
19
101
75
26
12
87
15
28
59
37
99
85
9
113
69
11
2
22
81
45
10
17
6
5
2
43
95
53
9
49
70
3
2
45
91
5
73
81
79
92
50
105
75
14
92
87
13
26
6
3
93
33
9
33
34
25
56
111
95
82
12
71
47
91
56
111
19
9
1
52
70
65
9
118
93
14
68
87
109
89
54
102
73
90
11
39
47
91
49
111
71
22
68
113
65
13
1
2
2
19
5
51
39
65
7
113
101
62
36
87
111
25
59
81
101
22
52
23
14
95
11
2
105
65
17
81
71
79
7
2
109
41
17
113
7
79
1
5
89
6
116
119
77
67
1
58
3
17
81
23
77
94
49
10
5
109
50
36
65
66
42
117
101
38
116
119
13
67
4
62
1
5
5
73
17
1
11
2
25
65
20
120
14
90
59
100
105
6
19
24
14
94
61
9
15
125
2
17
17
33
67
1
1
6
113
1
79
93
56
101
107
14
36
88
9
92
51
110
75
58
36
72
67
65
33
69
33
9
57
33
41
3
2
68
17
9
25
17
73
92
61
9
15
21
115
20
17
33
97
1
43
5
25
1
16
74
25
9
15
29
3
17
17
33
67
33
17
6
121
1
79
93
56
101
107
14
36
24
10
94
51
115
67
82
124
39
47
70
1
74
33
13
81
85
42
81
7
2
23
42
17
65
10
67
1
11
71
62
100
71
46
90
50
117
83
62
116
23
66
1
40
76
5
33
73
69
47
26
58
98
105
62
20
8
98
2
41
1
3
3
37
9
33
85
1
9
71
6
116
87
41
93
59
98
89
82
17
33
43
22
9
3
15
77
75
33
1
22
5
3
15
9
123
119
14
92
51
98
93
34
57
81
105
84
65
1
2
4
9
5
98
66
44
1
3
3
37
9
5
87
1
9
81
6
28
8
110
81
56
101
75
82
9
81
3
67
4
91
1
5
5
73
17
73
46
2
17
81
124
55
11
30
58
106
93
30
36
18
1
14
5
8
59
2
9
9
17
34
17
95
3
25
41
23
47
94
49
109
103
82
17
33
107
24
5
8
11
114
11
9
17
49
1
66
15
29
9
39
33
33
65
9
2
9
12
65
34
84
61
83
75
14
124
39
15
90
48
74
93
82
4
34
65
72
50
7
15
5
17
17
17
33
69
1
73
78
25
49
45
90
8
17
9
25
76
87
35
72
7
2
79
42
17
1
14
67
1
8
101
86
116
71
47
91
55
102
19
9
81
119
77
65
9
66
69
78
36
40
47
89
50
117
13
86
116
55
13
94
53
112
93
70
66
81
97
71
50
5
2
49
36
18
65
25
5
8
53
14
12
9
17
34
18
92
17
29
121
55
45
33
65
5
2
66
12
81
33
25
57
113
89
102
36
34
33
72
57
9
11
77
113
7
25
65
11
9
15
77
28
23
17
33
67
65
105
6
57
81
79
92
49
113
97
50
76
72
67
65
59
121
33
13
57
97
47
70
5
3
111
34
17
97
97
20
57
117
83
62
116
7
98
66
61
115
3
3
5
13
33
72
1
4
113
18
2
4
98
66
62
100
3
3
37
73
1
96
1
12
101
22
12
71
77
85
51
116
95
50
52
88
13
70
1
126
33
9
41
100
48
3
2
-64
-128
109
9
49
113
74
25
54
102
71
82
4
1
