6								6
1								1
5								5
5								5
97								97
1								1
66								66
1								1
3								3
1								1
22								22
17								17
65								65
34								34
84								84
61								61
83								83
75								75
14								14
124								124
39								39
15								15
90								90
48								48
74								74
93								93
82								82
84								84
17								17
97								97
65								65
1								1
7								7
91								91
62								62
36								36
87								87
13								13
92								92
58								58
4								4
1								1
77								77
33								33
1								1
65								65
2								2
7								7
16								16
33								33
9								9
57								57
33								33
34								34
68								68
1								1
9								9
21								21
5								5
73								73
17								17
33								33
66								66
58								58
100								100
67								67
50								50
12								12
23								23
66								66
65								65
6								6
9								9
5								5
25								25
9								9
101								101
46								46
31								31
42								42
102								102
77								77
66								66
17								17
113								113
33								33
68								68
5								5
3								3
29								29
33								33
17								17
113								113
1								1
21								21
58								58
112								112
73								73
86								86
28								28
71								71
15								15
5								5
2								2
8								8
33								33
37								37
17								17
17								17
3								3
3								3
2								2
13								13
39								39
22								22
20								20
24								24
46								46
25								25
55								55
106								106
117								117
6								6
20								20
71								71
46								46
26								26
5								5
9								9
39								39
1								1
17								17
41								41
26								26
33								33
67								67
1								1
41								41
5								5
9								9
49								49
45								45
70								70
1								1
22								22
33								33
9								9
57								57
97								97
35								35
3								3
2								2
24								24
17								17
9								9
25								25
17								17
74								74
28								28
59								59
9								9
17								17
101								101
1								1
33								33
17								17
35								35
81								81
1								1
10								10
85								85
9								9
33								33
97								97
25								25
17								17
9								9
11								11
109								109
1								1
65								65
17								17
1								1
15								15
2								2
13								13
113								113
74								74
103								103
46								46
27								27
59								59
63								63
41								41
9								9
105								105
114								114
4								4
5								5
2								2
31								31
1								1
53								53
9								9
33								33
1								1
67								67
3								3
20								20
53								53
1								1
7								7
81								81
3								3
67								67
4								4
34								34
1								1
5								5
5								5
73								73
17								17
1								1
18								18
2								2
9								9
13								13
124								124
7								7
47								47
31								31
11								11
3								3
59								59
13								13
66								66
113								113
97								97
5								5
17								17
17								17
2								2
3								3
7								7
81								81
3								3
67								67
4								4
38								38
1								1
69								69
5								5
73								73
17								17
1								1
20								20
2								2
29								29
13								13
124								124
7								7
47								47
31								31
19								19
101								101
75								75
26								26
12								12
87								87
15								15
28								28
59								59
37								37
99								99
85								85
9								9
113								113
69								69
11								11
2								2
22								22
81								81
45								45
10								10
17								17
6								6
5								5
2								2
43								43
95								95
53								53
9								9
49								49
70								70
3								3
2								2
45								45
91								91
5								5
73								73
81								81
79								79
92								92
50								50
105								105
75								75
14								14
92								92
87								87
13								13
26								26
6								6
3								3
93								93
33								33
9								9
33								33
34								34
25								25
56								56
111								111
95								95
82								82
12								12
71								71
47								47
91								91
56								56
111								111
19								19
9								9
1								1
52								52
70								70
65								65
9								9
118								118
93								93
14								14
68								68
87								87
109								109
89								89
54								54
102								102
73								73
90								90
11								11
39								39
47								47
91								91
49								49
111								111
71								71
22								22
68								68
113								113
65								65
13								13
1								1
2								2
2								2
19								19
5								5
51								51
39								39
65								65
7								7
113								113
101								101
62								62
36								36
87								87
111								111
25								25
59								59
81								81
101								101
22								22
52								52
23								23
14								14
95								95
11								11
2								2
105								105
65								65
17								17
81								81
71								71
79								79
7								7
2								2
109								109
41								41
17								17
113								113
7								7
79								79
1								1
5								5
89								89
6								6
116								116
119								119
77								77
67								67
1								1
58								58
3								3
17								17
81								81
23								23
77								77
94								94
49								49
10								10
5								5
109								109
50								50
36								36
65								65
66								66
42								42
117								117
101								101
38								38
116								116
119								119
13								13
67								67
4								4
62								62
1								1
5								5
5								5
73								73
17								17
1								1
11								11
2								2
25								25
65								65
20								20
120								120
14								14
90								90
59								59
100								100
105								105
6								6
19								19
24								24
14								14
94								94
61								61
9								9
15								15
125								125
2								2
17								17
17								17
33								33
67								67
1								1
1								1
6								6
113								113
1								1
79								79
93								93
56								56
101								101
107								107
14								14
36								36
88								88
9								9
92								92
51								51
110								110
75								75
58								58
36								36
72								72
67								67
65								65
33								33
69								69
33								33
9								9
57								57
33								33
41								41
3								3
2								2
68								68
17								17
9								9
25								25
17								17
73								73
92								92
61								61
9								9
15								15
21								21
115								115
20								20
17								17
33								33
97								97
1								1
43								43
5								5
25								25
1								1
16								16
74								74
25								25
9								9
15								15
29								29
3								3
17								17
17								17
33								33
67								67
33								33
17								17
6								6
121								121
1								1
79								79
93								93
56								56
101								101
107								107
14								14
36								36
24								24
10								10
94								94
51								51
115								115
67								67
82								82
124								124
39								39
47								47
70								70
1								1
74								74
33								33
13								13
81								81
85								85
42								42
81								81
7								7
2								2
23								23
42								42
17								17
65								65
10								10
67								67
1								1
11								11
71								71
62								62
100								100
71								71
46								46
90								90
50								50
117								117
83								83
62								62
116								116
23								23
66								66
1								1
40								40
76								76
5								5
33								33
73								73
69								69
47								47
26								26
58								58
98								98
105								105
62								62
20								20
8								8
98								98
2								2
41								41
1								1
3								3
3								3
37								37
9								9
33								33
85								85
1								1
9								9
71								71
6								6
116								116
87								87
41								41
93								93
59								59
98								98
89								89
82								82
17								17
33								33
43								43
22								22
9								9
3								3
15								15
77								77
75								75
33								33
1								1
22								22
5								5
3								3
15								15
9								9
123								123
119								119
14								14
92								92
51								51
98								98
93								93
34								34
57								57
81								81
105								105
84								84
65								65
1								1
2								2
4								4
9								9
5								5
98								98
66								66
44								44
1								1
3								3
3								3
37								37
9								9
5								5
87								87
1								1
9								9
81								81
6								6
28								28
8								8
110								110
81								81
56								56
101								101
75								75
82								82
9								9
81								81
3								3
67								67
4								4
91								91
1								1
5								5
5								5
73								73
17								17
73								73
46								46
2								2
17								17
81								81
124								124
55								55
11								11
30								30
58								58
106								106
93								93
30								30
36								36
18								18
1								1
14								14
5								5
8								8
59								59
2								2
9								9
9								9
17								17
34								34
17								17
95								95
3								3
25								25
41								41
23								23
47								47
94								94
49								49
109								109
103								103
82								82
17								17
33								33
107								107
24								24
5								5
8								8
11								11
114								114
11								11
9								9
17								17
49								49
1								1
66								66
15								15
29								29
9								9
39								39
33								33
33								33
65								65
9								9
2								2
9								9
12								12
65								65
34								34
84								84
61								61
83								83
75								75
14								14
124								124
39								39
15								15
90								90
48								48
74								74
93								93
82								82
4								4
34								34
65								65
72								72
50								50
7								7
15								15
5								5
17								17
17								17
17								17
33								33
69								69
1								1
73								73
78								78
25								25
49								49
45								45
90								90
8								8
17								17
9								9
25								25
76								76
87								87
35								35
72								72
7								7
2								2
79								79
42								42
17								17
1								1
14								14
67								67
1								1
8								8
101								101
86								86
116								116
71								71
47								47
91								91
55								55
102								102
19								19
9								9
81								81
119								119
77								77
65								65
9								9
66								66
69								69
78								78
36								36
40								40
47								47
89								89
50								50
117								117
13								13
86								86
116								116
55								55
13								13
94								94
53								53
112								112
93								93
70								70
66								66
81								81
97								97
71								71
50								50
5								5
2								2
49								49
36								36
18								18
65								65
25								25
5								5
8								8
53								53
14								14
12								12
9								9
17								17
34								34
18								18
92								92
17								17
29								29
121								121
55								55
45								45
33								33
65								65
5								5
2								2
66								66
12								12
81								81
33								33
25								25
57								57
113								113
89								89
102								102
36								36
34								34
33								33
72								72
57								57
9								9
11								11
77								77
113								113
7								7
25								25
65								65
11								11
9								9
15								15
77								77
28								28
23								23
17								17
33								33
67								67
65								65
105								105
6								6
57								57
81								81
79								79
92								92
49								49
113								113
97								97
50								50
76								76
72								72
67								67
65								65
59								59
121								121
33								33
13								13
57								57
97								97
47								47
70								70
5								5
3								3
111								111
34								34
17								17
97								97
97								97
20								20
57								57
117								117
83								83
62								62
116								116
7								7
98								98
66								66
61								61
115								115
3								3
3								3
5								5
13								13
33								33
72								72
1								1
4								4
113								113
18								18
2								2
4								4
98								98
66								66
62								62
100								100
3								3
3								3
37								37
73								73
1								1
96								96
1								1
12								12
101								101
22								22
12								12
71								71
77								77
85								85
51								51
116								116
95								95
50								50
52								52
88								88
13								13
70								70
1								1
126								126
33								33
9								9
41								41
100								100
48								48
3								3
2								2
0							      |	-64
							      >	-128
109								109
9								9
49								49
113								113
74								74
25								25
54								54
102								102
71								71
82								82
4								4
							      >	1
